558536
773056
4552710
6568553517
6666
27806
73259120000
73527795
1722
640700
417928
1289584
67718
48960
3597
2279424
688
581028
6445848
9617
25113667
3207456
3329684
3824723448
4363
49866
1750852
138856
27529
67962716
5241075840
2886996
230742
5058738
172900
357125
10283240
365
191544
747
851551
3154970
494589
2209216
28974
1512048
164884
39494
2247
138938644467
2074937264
7495776
6199
5390
7823592
39396
126238
1156
7143534
61948096
33687039
542832660
245719
2049
888
221227200
3324090
41394
7674864
28847
2058
95965731
47117324796
1549951200
72286978
925
264919974
15894
171418354
1014
1360
15481331721
100572
2058112
778379496
5060882
2200
467460
453
5244
1212
1244100
2728679
542332
846
725644227
5851
242326066
634922
116467400
779053
133094200
4602816
2065661
15336697950
367458
2460
1748
234720
12933880
419840
23091403567
155
1575
450585
4647465
184464
1294278
1188
1192
18189
20208867
2372
569188
468570960
1925
354673368
39905349
631687680
571480
9116
433
6492
159309
1914
174193
215358242
47565
77832
192792668640
5235048
460
428285
353580
71148
6160682
17335
4096256
96103
17312100
11213870
5215
464941700
1386
21572830
58474780
35991020
1053
9661
572460
54775512
32629718730
33896
131134
92568007
1329345990
53530
31616
1280
13326
113143843
27826064
37266
65375606
764
47411676
2476892
309070
3104
13214520
181330
13504
3759640
309436051
10746705
3732939
6888960
180042454
58281268740
10526516
19793
9234432
305850
8741
15132260
251045824
41058004
756
113272754
2701
43971093
1728758
298883
830166975
11478647
20997896
72473747
6865
1058932300
991
932424909
25246464
110088
108735656
7696
40247145
5262989265
3395083
1957996
585808
1013
726356
232961
2047257600
1191
3735396
562736
3201219
19744
5029416
56992366
17168816
464
7632436
1180748756
67298
67819383
162563277
56512
670248
801360
384611
317011
1663350
810688
14004
1656
7060
5640209
262529
1774141600
1060456
596222
96350
61860960
8925407
30120688
33363
25612217
5878247
3176208
4112
4663127
1963040627
7243900
3278
32679125
247050
835
112
63974400
86455
606489088
266676
312256
30193681
566844936
672190
47508
12013
334185
612
3972772
1120011235200
3447
4530260
221
29412
11048659
20779223
149190
116777190
90
934
57835
476872
356955120
428
32305
168929
115920
3022055838
1939650
2238162
7593418
136790904
254580
64161748
7281279
11157500
154800
708110316
4826
471
550094388
5600
46391024
4083840
439434
286136214
2355280
423945
16426431
6174
783807
269982900
18984303
105694400
2672191
491143421
899436
2549160
7134
4988
50360800
2505
5201
221101568
5561270
376656
51467130
41768000
9305
731
1058
10173803
1083
145104
830020
2761
1320903
410495
6650280
9702
10268874330
8528100
243
1374665
642
44820
19706
5680028645
184606
10407906
10289341332864
21168000
18823
694051696
18958064
76662250
251
352071
62755842240
107589
3242624
193250
350
2183345
5737147
3312135616
56207834
236744640
1000
6820
65018880
23508919
863
432
785000
1313356
37817
254012899
56178
62169185
54260
14719
147714408
506321
42481444
9440244
358
658308
132300
115342
8891711
4835606
1068
688
1450840
1548075
651
248
306272680
694
3678
778815
410890572
275498
410244482214
16846096
396000
31115538
9150711
13270336
71272969
113797338
153431
558536
773056
4552710
6568553517
6666
27806
73259120000
73527795
1722
640700
417928
1289584
67718
48960
3597
2279424
688
581028
6445848
9617
25113667
3207456
3329684
3824723448
4363
49866
1750852
138856
27529
67962716
5241075840
2886996
230742
5058738
172900
357125
10283240
365
191544
747
851551
3154970
494589
2209216
28974
1512048
164884
39494
2247
138938644467
2074937264
7495776
6199
5390
7823592
39396
126238
1156
7143534
61948096
33687039
542832660
245719
2049
888
221227200
3324090
41394
7674864
28847
2058
95965731
47117324796
1549951200
72286978
925
264919974
15894
171418354
1014
1360
15481331721
100572
2058112
778379496
5060882
2200
467460
453
5244
1212
1244100
2728679
542332
846
725644227
5851
242326066
634922
116467400
779053
133094200
4602816
2065661
15336697950
367458
2460
1748
234720
12933880
419840
23091403567
155
1575
450585
4647465
184464
1294278
1188
1192
18189
20208867
2372
569188
468570960
1925
354673368
39905349
631687680
571480
9116
433
6492
159309
1914
174193
215358242
47565
77832
192792668640
5235048
460
428285
353580
71148
6160682
17335
4096256
96103
17312100
11213870
5215
464941700
1386
21572830
58474780
35991020
1053
9661
572460
54775512
32629718730
33896
131134
92568007
1329345990
53530
31616
1280
13326
113143843
27826064
37266
65375606
764
47411676
2476892
309070
3104
13214520
181330
13504
3759640
309436051
10746705
3732939
6888960
180042454
58281268740
10526516
19793
9234432
305850
8741
15132260
251045824
41058004
756
113272754
2701
43971093
1728758
298883
830166975
11478647
20997896
72473747
6865
1058932300
991
932424909
25246464
110088
108735656
7696
40247145
5262989265
3395083
1957996
585808
1013
726356
232961
2047257600
1191
3735396
562736
3201219
19744
5029416
56992366
17168816
464
7632436
1180748756
67298
67819383
162563277
56512
670248
801360
384611
317011
1663350
810688
14004
1656
7060
5640209
262529
1774141600
1060456
596222
96350
61860960
8925407
30120688
33363
25612217
5878247
3176208
4112
4663127
1963040627
7243900
3278
32679125
247050
835
112
63974400
86455
606489088
266676
312256
30193681
566844936
672190
47508
12013
334185
612
3972772
1120011235200
3447
4530260
221
29412
11048659
20779223
149190
116777190
90
934
57835
476872
356955120
428
32305
168929
115920
3022055838
1939650
2238162
7593418
136790904
254580
64161748
7281279
11157500
154800
708110316
4826
471
550094388
5600
46391024
4083840
439434
286136214
2355280
423945
16426431
6174
783807
269982900
18984303
105694400
2672191
491143421
899436
2549160
7134
4988
50360800
2505
5201
221101568
5561270
376656
51467130
41768000
9305
731
1058
10173803
1083
145104
830020
2761
1320903
410495
6650280
9702
10268874330
8528100
243
1374665
642
44820
19706
5680028645
184606
10407906
10289341332864
21168000
18823
694051696
18958064
76662250
251
352071
62755842240
107589
3242624
193250
350
2183345
5737147
3312135616
56207834
236744640
1000
6820
65018880
23508919
863
432
785000
1313356
37817
254012899
56178
62169185
54260
14719
147714408
506321
42481444
9440244
358
658308
132300
115342
8891711
4835606
1068
688
1450840
1548075
651
248
306272680
694
3678
778815
410890572
275498
410244482214
16846096
396000
31115538
9150711
13270336
71272969
113797338
153431
558536
773056
4552710
6568553517
6666
27806
73259120000
73527795
1722
640700
417928
1289584
67718
48960
3597
2279424
688
581028
6445848
9617
25113667
3207456
3329684
3824723448
4363
49866
1750852
138856
27529
67962716
5241075840
2886996
230742
5058738
172900
357125
10283240
365
191544
747
851551
3154970
494589
2209216
28974
1512048
164884
39494
2247
138938644467
2074937264
7495776
6199
5390
7823592
39396
126238
1156
7143534
61948096
33687039
542832660
245719
2049
888
221227200
3324090
41394
7674864
28847
2058
95965731
47117324796
1549951200
72286978
925
264919974
15894
171418354
1014
1360
15481331721
100572
2058112
778379496
5060882
2200
467460
453
5244
1212
1244100
2728679
542332
846
725644227
5851
242326066
634922
116467400
779053
133094200
4602816
2065661
15336697950
367458
2460
1748
234720
12933880
419840
23091403567
155
1575
450585
4647465
184464
1294278
1188
1192
18189
20208867
2372
569188
468570960
1925
354673368
39905349
631687680
571480
9116
433
6492
159309
1914
174193
215358242
47565
77832
192792668640
5235048
460
428285
353580
71148
6160682
17335
4096256
96103
17312100
11213870
5215
464941700
1386
21572830
58474780
35991020
1053
9661
572460
54775512
32629718730
33896
131134
92568007
1329345990
53530
31616
1280
13326
113143843
27826064
37266
65375606
764
47411676
2476892
309070
3104
13214520
181330
13504
3759640
309436051
10746705
3732939
6888960
180042454
58281268740
10526516
19793
9234432
305850
8741
15132260
251045824
41058004
756
113272754
2701
43971093
1728758
298883
830166975
11478647
20997896
72473747
6865
1058932300
991
932424909
25246464
110088
108735656
7696
40247145
5262989265
3395083
1957996
585808
1013
726356
232961
2047257600
1191
3735396
562736
3201219
19744
5029416
56992366
17168816
464
7632436
1180748756
67298
67819383
162563277
56512
670248
801360
384611
317011
1663350
810688
14004
1656
7060
5640209
262529
1774141600
1060456
596222
96350
61860960
8925407
30120688
33363
25612217
5878247
3176208
4112
4663127
1963040627
7243900
3278
32679125
247050
835
112
63974400
86455
606489088
266676
312256
30193681
566844936
672190
47508
12013
334185
612
3972772
1120011235200
3447
4530260
221
29412
11048659
20779223
149190
116777190
90
934
57835
476872
356955120
428
32305
168929
115920
3022055838
1939650
2238162
7593418
136790904
254580
64161748
7281279
11157500
154800
708110316
4826
471
550094388
5600
46391024
4083840
439434
286136214
2355280
423945
16426431
6174
783807
269982900
18984303
105694400
2672191
491143421
899436
2549160
7134
4988
50360800
2505
5201
221101568
5561270
376656
51467130
41768000
9305
731
1058
10173803
1083
145104
830020
2761
1320903
410495
6650280
9702
10268874330
8528100
243
1374665
642
44820
19706
5680028645
184606
10407906
10289341332864
21168000
18823
694051696
18958064
76662250
251
352071
62755842240
107589
3242624
193250
350
2183345
5737147
3312135616
56207834
236744640
1000
6820
65018880
23508919
863
432
785000
1313356
37817
254012899
56178
62169185
54260
14719
147714408
506321
42481444
9440244
358
658308
132300
115342
8891711
4835606
1068
688
1450840
1548075
651
248
306272680
694
3678
778815
410890572
275498
410244482214
16846096
396000
31115538
9150711
13270336
71272969
113797338
153431
